0.928
0.960
0.952
0.956
0.920
0.932
0.976
0.980
0.932
0.944
0.956
0.952
0.912
0.932
0.940
0.940
0.916
0.900
0.928
0.932
0.924
0.900
0.912
0.924
0.908
0.892
0.916
0.928
0.916
0.900
0.916
0.908
0.892
0.916
0.916
0.924
0.912
0.908
0.928
0.920
0.908
0.912
0.940
0.948
0.936
0.916
0.928
0.928
0.928
0.892
0.904
0.904
0.912
0.888
0.892
0.920
0.928
0.924
0.904
0.932
0.944
0.944
0.924
0.944
0.952
0.956
0.916
0.940
0.916
0.900
0.868
0.864
0.872
0.888
0.888
0.904
0.952
0.968
0.964
0.932
0.928
0.920
0.908
0.904
0.936
0.952
0.952
0.936
0.960
0.976
0.988
0.956
0.952
0.976
0.980
0.956
0.920
0.924
0.940
0.944
0.920
0.904
0.928
0.932
0.932
0.904
0.920
0.924
0.932
0.904
0.920
0.928
0.916
0.896
0.884
0.880
0.880
0.872
0.884
0.920
0.956
0.940
0.940
0.940
0.924
0.892
0.892
0.904
0.932
0.924
0.924
0.964
0.968
0.980
0.948
0.956
0.976
0.976
0.956
0.908
0.908
0.924
0.928
0.896
0.896
0.920
0.928
0.920
0.908
0.932
0.964
0.968
0.940
0.936
0.940
0.928
0.888
0.868
0.872
0.900
0.932
0.948
0.936
0.948
0.984
0.984
0.960
0.932
0.940
0.948
0.944
0.904
0.896
0.908
0.900
0.900
0.868
0.860
0.868
0.872
0.892
0.868
0.868
0.888
0.896
0.900
0.888
0.888
0.888
0.884
0.872
0.868
0.884
0.892
0.888
0.876
0.900
0.912
0.912
0.888
0.900
0.912
0.924
0.908
0.912
0.936
0.944
0.916
0.916
0.936
0.948
0.944
0.924
0.936
0.936
0.936
0.904
0.904
0.924
0.904
0.900
0.872
0.868
0.864
0.856
0.832
0.828
0.824
0.836
0.868
0.872
0.860
0.884
0.920
0.936
0.952
0.932
0.968
0.976
0.972
0.948
0.908
0.908
0.920
0.896
0.876
0.868
0.880
0.892
0.872
0.864
0.876
0.892
0.904
0.888
0.880
0.908
0.916
0.932
0.904
0.916
0.932
0.904
0.880
0.864
0.864
0.888
0.912
0.904
0.900
0.932
0.952
0.976
0.924
0.904
0.924
0.924
0.876
0.848
0.848
0.836
0.832
0.840
0.868
0.908
0.916
0.896
0.900
0.928
0.948
0.948
0.920
0.920
0.932
0.924
0.904
0.884
0.900
0.892
0.892
0.872
0.864
0.884
0.888
0.880
0.872
0.892
0.908
0.916
0.888
0.876
0.880
0.872
0.868
0.848
0.860
0.896
0.916
0.892
0.900
0.940
0.952
0.960
0.924
0.908
0.928
0.928
0.924
0.896
