   0.928   0.468   0.340
   0.960   0.832   0.356
   0.952   0.708   0.628
   0.956   0.680   0.400
   0.920   0.492   0.516
   0.932   0.736   0.616
   0.976   0.672   0.404
   0.980   0.660   0.344
   0.932   0.492   0.312
   0.944   0.764   0.460
   0.956   0.704   0.360
   0.952   0.672   0.340
   0.912   0.488   0.388
   0.932   0.728   0.408
   0.940   0.672   0.356
   0.940   0.664   0.392
   0.916   0.488   0.484
   0.900   0.808   0.360
   0.928   0.692   0.444
   0.932   0.668   0.396
   0.924   0.500   0.436
   0.900   0.752   0.348
   0.912   0.708   0.368
   0.924   0.680   0.420
   0.908   0.488   0.640
   0.892   0.740   0.384
   0.916   0.680   0.492
   0.928   0.460   0.360
   0.916   0.844   0.292
   0.900   0.700   0.304
   0.916   0.528   0.300
   0.908   0.692   0.332
   0.892   0.680   0.324
   0.916   1.208   0.560
   0.916   0.672   0.388
   0.924   0.680   0.272
   0.912   0.476   0.320
   0.908   0.808   0.344
   0.928   0.688   0.484
   0.920   0.664   0.364
   0.908   0.488   0.292
   0.912   0.548   0.556
   0.940   0.696   0.380
   0.948   0.704   0.280
   0.936   0.676   0.432
   0.916   0.484   0.364
   0.928   0.800   0.400
   0.928   0.712   0.396
   0.928   0.684   0.916
   0.892   0.484   0.448
   0.904   0.956   0.360
   0.904   0.832   0.628
   0.912   0.684   0.396
   0.888   0.476   0.468
   0.892   0.744   0.528
   0.920   0.672   0.356
   0.928   0.472   0.356
   0.924   0.948   0.364
   0.904   0.796   0.572
   0.932   0.708   0.384
   0.944   0.488   0.516
   0.944   0.732   0.684
   0.924   0.672   0.388
   0.944   0.476   0.568
   0.952   0.604   0.560
   0.956   1.084   0.380
   0.916   0.708   0.352
   0.940   0.472   0.744
   0.916   0.772   0.448
   0.900   0.668   0.356
   0.868   0.468   0.344
   0.864   0.516   0.804
   0.872   0.500   0.420
   0.888   0.764   0.500
   0.888   0.680   0.632
   0.904   0.468   0.380
   0.952   0.756   0.292
   0.968   0.676   0.696
   0.964   0.712   0.404
   0.932   0.504   0.288
   0.928   0.548   0.352
   0.920   0.700   0.908
   0.908   0.796   0.560
   0.904   0.700   0.448
   0.936   0.488   0.552
   0.952   0.956   0.552
   0.952   0.808   0.420
   0.936   0.684   0.464
   0.960   0.508   0.536
   0.976   0.724   0.464
   0.988   0.668   0.360
   0.956   0.472   0.364
   0.952   0.644   0.344
   0.976   0.804   0.336
   0.980   0.512   0.404
   0.956   0.772   0.392
   0.920   0.692   0.472
   0.924   0.520   0.476
   0.940   0.712   0.380
   0.944   0.668   0.388
   0.920   0.476   0.508
   0.904   0.596   0.392
   0.928   0.472   0.584
   0.932   0.688   0.424
   0.932   0.676   0.412
   0.904   0.476   0.356
   0.920   0.460   0.320
   0.924   0.540   0.508
   0.932   0.748   0.464
   0.904   0.672   0.504
   0.920   0.464   0.492
   0.928   0.756   0.356
   0.916   0.660   0.408
   0.896   0.460   0.440
   0.884   0.656   0.368
   0.880   1.076   0.364
   0.880   0.696   0.552
   0.872   0.480   0.372
   0.884   0.748   0.400
   0.920   0.664   0.660
   0.956   0.468   0.400
   0.940   0.464   0.436
   0.940   0.552   0.516
   0.940   0.744   0.400
   0.924   0.656   0.364
   0.892   0.484   0.492
   0.892   0.620   0.376
   0.904   1.088   0.452
   0.932   0.704   0.412
   0.924   0.476   0.508
   0.924   0.928   0.400
   0.964   0.728   0.512
   0.968   0.712   0.364
   0.980   0.496   0.348
   0.948   0.712   0.512
   0.956   0.664   0.360
   0.976   0.468   0.408
   0.976   0.480   0.724
   0.956   0.568   0.392
   0.908   0.440   0.424
   0.908   1.168   0.528
   0.924   0.696   0.360
   0.928   0.492   0.284
   0.896   0.476   0.260
   0.896   0.544   0.408
   0.920   0.748   0.388
   0.928   0.664   0.564
   0.920   0.652   0.516
   0.908   0.488   0.348
   0.932   0.772   0.548
   0.964   0.696   0.384
   0.968   0.476   0.360
   0.940   1.000   0.496
   0.936   0.804   0.364
   0.940   0.676   0.332
   0.928   0.480   0.360
   0.888   0.976   0.356
   0.868   0.800   0.496
   0.872   0.664   0.440
   0.900   0.644   0.508
   0.932   0.472   0.512
   0.948   0.996   0.632
   0.936   0.828   0.532
   0.948   0.680   0.408
   0.984   0.480   0.440
   0.984   0.972   0.628
   0.960   0.804   0.536
   0.932   0.668   0.440
   0.940   0.944   0.432
   0.948   0.556   0.408
   0.944   0.752   0.412
   0.904   0.664   0.404
   0.896   0.472   0.564
   0.908   1.004   0.368
   0.900   0.776   0.288
   0.900   0.660   0.396
   0.868   0.644   0.360
   0.860   0.468   0.304
   0.868   0.456   0.396
   0.872   0.568   0.492
   0.892   0.760   0.368
   0.868   0.668   0.360
   0.868   0.476   0.508
   0.888   0.600   0.484
   0.896   0.472   0.420
   0.900   0.704   0.464
   0.888   0.660   0.656
   0.888   0.640   0.596
   0.888   0.636   0.380
   0.884   0.684   0.444
   0.872   0.668   0.384
   0.868   0.660   0.480
   0.884   1.184   0.512
   0.892   0.664   0.348
   0.888   0.668   0.284
   0.876   0.676   0.368
   0.900   0.484   0.388
   0.912   0.984   0.452
   0.912   0.788   0.424
   0.888   0.664   0.384
   0.900   0.484   0.484
   0.912   0.976   0.480
   0.924   0.792   0.356
   0.908   0.660   0.344
   0.912   0.644   0.444
   0.936   0.648   0.444
   0.944   0.688   0.544
   0.916   0.672   0.400
   0.916   0.660   0.424
   0.936   0.488   0.376
   0.948   0.712   0.340
   0.944   0.668   0.428
   0.924   0.676   0.424
   0.936   1.004   0.452
   0.936   0.600   0.568
   0.936   0.636   0.400
   0.904   0.784   0.352
   0.904   0.680   0.580
   0.924   0.664   0.492
   0.904   0.652   0.344
   0.900   0.664   0.364
   0.872   0.692   0.440
   0.868   0.676   0.388
   0.864   0.660   0.452
   0.856   0.648   0.376
   0.832   0.656   0.440
   0.828   0.460   0.468
   0.824   0.992   0.672
   0.836   0.804   0.436
   0.868   0.672   0.344
   0.872   0.460   0.352
   0.860   0.948   0.328
   0.884   0.736   0.372
   0.920   0.660   0.544
   0.936   0.468   0.368
   0.952   0.920   0.348
   0.932   0.576   0.648
   0.968   0.432   0.380
   0.976   0.736   0.280
   0.972   0.652   0.436
   0.948   0.460   0.360
   0.908   0.928   0.344
   0.908   0.708   0.748
   0.920   0.680   0.416
   0.896   0.484   0.472
   0.876   0.928   0.364
   0.868   0.600   0.576
   0.880   0.452   0.516
   0.892   0.688   0.452
   0.872   0.720   0.404
   0.864   0.648   0.484
   0.876   0.636   0.360
   0.892   0.636   0.284
   0.904   0.676   0.524
   0.888   0.668   0.596
   0.880   0.656   0.516
   0.908   0.640   0.368
   0.916   0.640   0.328
   0.932   0.680   0.348
   0.904   0.496   0.300
   0.916   0.708   0.488
   0.932   0.668   0.484
   0.904   0.468   0.524
   0.880   0.976   0.684
   0.864   0.760   0.376
   0.864   0.648   0.600
   0.888   0.632   0.588
   0.912   0.472   0.544
   0.904   0.672   0.456
   0.900   0.636   0.364
   0.932   0.628   0.660
   0.952   0.484   0.616
   0.976   1.024   0.392
   0.924   0.688   0.380
   0.904   0.652   0.412
   0.924   0.644   0.384
   0.924   0.636   0.448
   0.876   0.656   0.344
   0.848   0.672   0.316
   0.848   0.664   0.464
   0.836   0.648   0.536
   0.832   0.640   0.388
   0.840   0.684   0.440
   0.868   0.668   0.372
   0.908   0.656   0.496
   0.916   0.464   0.360
   0.896   1.072   0.364
   0.900   0.700   0.340
   0.928   0.648   0.580
   0.948   0.636   0.384
   0.948   0.628   0.396
   0.920   0.660   0.360
   0.920   0.660   0.488
   0.932   0.648   0.588
   0.924   0.644   0.472
   0.904   0.628   0.412
   0.884   0.476   0.356
   0.900   0.700   0.344
   0.892   0.664   0.456
   0.892   0.464   0.356
   0.872   0.964   0.420
   0.864   0.760   0.420
   0.884   0.648   0.472
   0.888   0.632   0.388
   0.880   0.484   0.620
   0.872   0.664   0.388
   0.892   0.648   0.544
   0.908   0.636   0.372
   0.916   0.496   0.324
   0.888   0.984   0.328
   0.876   0.720   0.516
   0.880   0.476   0.384
   0.872   0.580   0.332
   0.868   1.044   0.648
   0.848   0.684   0.396
   0.860   0.464   0.396
   0.896   0.976   0.368
   0.916   0.772   0.352
   0.892   0.656   0.644
   0.900   0.644   0.768
   0.940   0.640   0.448
   0.952   0.688   0.344
   0.960   0.672   0.348
   0.924   0.660   0.372
   0.908   0.652   0.620
   0.928   0.664   0.412
   0.928   0.684   0.412
   0.924   0.680   0.356
   0.896   0.656   0.308
   0.880   0.648   0.348
   0.872   0.680   0.328
   0.876   0.680   0.436
   0.864   0.664   0.360
   0.856   0.656   0.312
   0.852   0.644   0.644
   0.864   0.648   0.416
   0.868   1.228   0.596
   0.844   0.696   0.380
   0.836   0.656   0.676
   0.860   0.644   0.624
   0.880   0.644   0.372
   0.892   0.676   0.312
   0.880   0.668   0.692
   0.888   0.656   0.456
   0.932   0.644   0.400
   0.932   0.636   0.420
   0.924   0.676   0.492
   0.900   0.664   0.460
   0.868   0.472   0.436
   0.876   0.736   0.344
   0.888   0.660   0.296
   0.900   0.644   0.332
   0.880   1.212   0.308
   0.884   0.684   0.444
   0.916   0.652   0.412
   0.932   0.492   0.360
   0.944   0.660   0.324
   0.904   0.648   0.340
   0.892   0.444   0.352
   0.932   0.992   0.392
   0.944   0.748   0.348
   0.936   0.640   0.324
   0.916   0.624   0.520
   0.900   0.620   0.404
   0.920   0.660   0.500
   0.916   0.648   0.360
   0.888   0.644   0.344
   0.900   0.632   0.412
   0.916   0.632   0.380
   0.920   0.636   0.400
   0.904   0.676   0.424
   0.880   0.668   0.396
   0.876   0.656   0.532
   0.868   0.644   0.384
   0.856   0.476   0.340
   0.852   0.764   0.356
   0.852   0.676   0.356
   0.888   0.652   0.408
   0.920   1.164   0.668
   0.944   0.648   0.380
   0.936   0.640   0.304
   0.948   0.656   0.352
   0.964   0.648   0.488
   0.964   0.640   0.472
   0.956   0.472   0.396
   0.928   0.692   0.376
   0.940   0.640   0.344
   0.944   0.620   0.488
   0.944   1.172   0.372
   0.904   0.656   0.548
   0.900   0.448   0.516
   0.916   0.976   0.424
   0.928   0.756   0.544
   0.932   0.644   0.364
   0.900   0.624   0.296
   0.900   0.616   0.472
   0.908   0.628   0.524
   0.916   0.640   0.344
   0.888   0.640   0.280
   0.896   0.484   0.564
   0.900   0.680   0.532
   0.908   0.640   0.372
   0.876   0.620   0.732
   0.888   0.476   0.580
   0.908   0.696   0.360
   0.916   0.656   0.440
   0.888   0.636   0.404
   0.884   0.628   0.436
   0.904   0.620   0.524
   0.908   0.620   0.492
   0.924   1.172   0.584
   0.892   0.664   0.568
   0.900   0.632   0.520
   0.904   1.140   0.552
   0.900   0.632   0.364
   0.888   0.608   0.320
   0.868   0.520   0.440
   0.888   0.628   0.552
   0.892   0.640   0.524
   0.900   0.452   0.392
   0.888   0.500   0.404
   0.900   0.560   0.456
   0.908   0.468   0.348
   0.924   0.656   0.300
   0.896   0.656   0.316
   0.880   0.484   0.348
   0.904   0.656   0.412
   0.908   0.628   0.428
   0.908   0.612   0.576
   0.896   0.612   0.452
   0.908   0.636   0.496
   0.924   0.628   0.356
   0.932   0.624   0.564
   0.924   1.152   0.624
   0.892   0.636   0.480
   0.900   0.428   0.360
   0.904   0.752   0.300
   0.912   0.652   0.616
   0.904   0.632   0.400
   0.892   1.160   0.352
   0.908   0.640   0.356
   0.916   0.628   0.340
   0.916   1.204   0.500
   0.896   0.672   0.588
   0.880   1.176   0.468
   0.896   0.648   0.388
   0.904   0.636   0.368
   0.908   1.204   0.332
   0.876   0.676   0.556
   0.872   0.640   0.372
